$ANSIBLE_VAULT;1.1;AES256
35323539393964306231613430313336396637646532333235656635616361663665363433383066
3731336432613533376635376336656264636233616637380a343631633733373439363832316462
36363139313362356330356637646438386330653165623765663030333639383964623838363137
6163643063303834390a363937393438626138653162323261376134366639306565613666396663
32396237333061613930343862313230643566383439373361313530373264326264343563663165
62313137663833633766373939383837643263306135613061613362363338343931363739626266
38303036663330326638666132383234643666363030643066373362643165356363643164303235
34666332666235356666363738636332616561393335353230363439363834326433383661343036
30343563623664376635313235323366386538613364646232306663396132363235656136333935
65396366633536646164343535613965336663393839336232653434386635396239366633386462
35363137333463373630393765366164666133626633386138613038326232633232653865376338
30323033663339313266326137613535323164623263333937366564616330626539343961383937
64633137313133326131613934626265626639383965643564666566386331633438633665366139
39323631323537343363646239666538386335303663636565353964613866313666333938643533
65356231363062626139616231366163353833386365616436363438343432623163386632373661
34373733316563393530633963396166663837336534386630353231356263663437353765643362
39383837343135653637393738633463303734326136326333363936373137626134333333626438
37303034333535666638393537356234616331353739393130656266613131373332663462336237
61386133343164656230623538626562313230356563613832653739666530363635623237363931
31346635396130663734633038333232313764323562643064376163393237393966323731316466
31346536653233633938623861653364303938306364336334643636373862396165353837333332
36363633653935383837373666386636376136303863326364636365396637306561396330326133
33343763626334663436383731363932396238626134383263383237353632646264623764313636
63356335653738366466373334626439646261616539323631323165666338396364376631373030
33363764626138613034336539383239666534623061646666613331373361353365623265313035
66386163303430666338333161336332326366323933353834363463373062383231333236323265
62393737393332393965303737303934386537313834316530393461626161393563616533376163
36343965326232356637636135366238636137653032313934363063343638626633333465356332
30393737303866616539636363663266316666376261363331613338366530303132623565616236
65646430316430363734353061383462663933383465393431666130616161663965636334643438
33303366323331343762366136636561343663643334643064373531363239316638633237646637
30326335313466356165366530396536363539613339646563613964303763616136666162656538
38383365323661316130623261383236653139656364616531623632376634303735646533323137
34396438333261653730316161393663643263336538613061663038303339316139333735333563
61353665336263333634323166353334366566393433663465636463613433393262646364333836
65396561353233666332313062646534313734386463626634396261323565303939653438653865
62363364666563383864343337383134306563626362383236303264326331373432393564336261
36343966646531646466333130363662393030323762636230656666653863623732313732326431
66333964613538376132396166663633613461646265653837306433313964346662326639393631
35653633666265306461663736666136623562643966306137313239633662623061376636363038
35643936386136383234306631363064303037653838616231666638373139363839666237373237
64356636366535303430616337393862343563323331633935346637363564343365336432643530
62646334346433316238373937353431663938346163343362363537663338336662306436353036
31316235353131353630313538643230663235393731646163396263326638353031373564333537
61386165663962393366303766366536303334666535373633663561373135343464316132346230
37363461616439623933346139353539363037323938386266326633346363323234613163653538
39346537306666613039636430663862366566386264386339666231623133353435623131663165
66643034663666333764303934636131393931663737326431393835313165303331643362356236
36353230343530353936396137666337663836613631363236653038373862343764363635383665
66316336666566636663333335386230383938393737393762386136363537383133663232663863
66316634323462663435633430306635336438646634666336316137666637336435666234303431
61393631323832316238656531653230303866396131356432653635383836386437386662646364
62306133316435646339616363626530393063376666656534393435383935303761643133326439
31303166343062363638646138343437646535316463353039616530663436356666636633626363
65366361383832613432373263663137313364373366623361383034376532306237316262663435
64613835643837316333633338373465633965633934363034613038333362393732616336323861
36333438386134303131656566666132393863633239356162366462613965313033363738316631
62373830633532633664323339383535613937323066393237353662383863333237313465306466
35383766373964646562393339636533353933636134303461326238376564356562383565386535
36623836613437633231386466333138316336363032353930373365343864343563623066623438
35366464616564643961383866663564376264633563383565643630643165623366373062623436
64663539393962393737396337363431366239313763663861393661383137653066643537353337
61666663643437646639383462396238323063376433636464613264646639343230393563653930
37396234643936316266333061353065656430383035643063356135343136653835643839653662
64396533336431663339353962613031363336326639323861656664313435353632393937633061
61373166643930636533666232343534336231393338623766653933333766363336383365366562
36386261386231663066373631623831616261353233356539303163346331366564323261383563
32313163386138626131343439333966306536666235623936333966346239623862643036346134
61363637323031343136666261313463613732383232323832353930383531643163356332316538
61636561636534613537613231626162303361663563366565336435363561653030313036393832
31636339373138643162653262333165656166396566613633376635343934666137383237343734
33656235643263313235333433396631323365306339343430336234363630633331613739613231
39616533333237363865323463363331373565386239346365636461313661363464653263363737
38333239393564316139613838636237666439333935333336316534316163636364356161303433
34663962643364656661393635343565303737393738316639643938363262356637386566393464
35643832333839353939383962303837636533313265373863396537383135303764363733323935
62373364633035393539383435366634666166303630316465666337326563613762653636653363
39363335303965376538633064653033353461316537653061396630343931363461666465613030
64326262356530653363643530353463306335633234373165623139303235303365343530363961
66383835633534356262646465633661366533326134336435336662373532666637386265303137
39613531373065383135643062633634633132393439343739613964336334323431396632323235
61386562386362616334373830653164643262656461636135633762356136333466306431346631
61313830313238386266653262386534366533653265646163613161666432623830336164663134
62643165336535653063663866316632656464653265666432663033333863373265333730653661
32653666353238653837653434656163303138633561383963616535373239633035633565313138
65636365323933393038323935303833383365353065346133616432653637383635646530393239
38333039303666393261363463363739663333643163666563616632643462393830323539623537
30623133633761306263346364383137656561313462383938316563323565303333363037343764
37646339653033366537396662336137373364346538306333336264343731396530393661313664
30633662653465666239383330333566306365646630626537666166663832656431653965366639
64613630333136646565303662636162396537613162346664313038323931343763316432643536
38613762353639323432396161363236373163636633663964633035313165303030323134383262
66613161313465393164373232356465643265383735373531303765396266306531363238323861
3762393663376230376231653031363831613461343539333834
