$ANSIBLE_VAULT;1.1;AES256
31653335303830383238376338613833383032343831666663393262653035333537373164333366
6135383635323864353266366561346461633438303763620a306237353337333133646634366537
62336438656136313563333338333762393666656261633265323438663435316435653462323038
3037306438376432630a623137346665613738653966326237303936313438663833633739363734
63633664343262386430616632396133386162653834303036333133316435346566313438393335
35353630653964623063653330663164363037386662663861376164303365636265343435643662
30313631356362636239643265303733353964323738636638343838386663653732373664376663
38653430613138343563613735366238663430386437363238653135363431393338386530363239
32373138343761353163373663393237313535386532353762666337636535386565306138306231
39333035656136643238643136373235646562383761313339366537396233623439396163656534
65346165373361356533373538663333663437353033313733643232303761323066343766623233
39663134366332313166343638643737346565646137393965613465663637383165666231303662
36303032393735343131613862313766613030376339346339643232306633616133333937353130
37323531383438343164613665636135653939363639663564346334306338363030376638383838
63313466343238386664633539653435666636623238393363316363663762376434363564313438
63393836343064393364393534613133623431616661623430653636386634633965626232616330
31613063336634376431356532623534326531306231633039626262366533393134633134646336
66393966623736653739613733386265633736333165646364393132323064613330616661313361
34343266373366623565353762653363313233663333356238386536323737356663336562313566
39653139613762376366613165363866343239356661653264653138653466393735303133323732
63613961633338383138313964633839313732343336373335613263636230386162643830383432
62393861383232653131333530666137346162396464666262633665666663383931396638623030
33653362363637373132386561386435306565616133353336316662623764646466306130303432
64383663323964326464363833653238373866666536666432633330646636363836306261343265
33393930323930616436383062366638313039306536303739643337386665666137646532643164
30643539376130623036363138623535636537323065666533323635343931636134373136613738
64663232376461373661633966316566356161373331303231656463613632336136343130626562
31383638633937666632346438653135313334623333303932633137316134363030303061623930
63323135356531353837396434646564633437623933343862323131373632643763663636386334
36663533636335306566663332376633363231623433303834646134313761393066373531306432
35643435373461393661666334346333323763356435343132643561356338646666393466613331
31326363663530353531613839666162356363393537343032303233393334636461396438643131
65356164336233666532656134613133663763383839393234353065663638643039376564663331
37626464343238653664633237346239623237626139663765303038663839373330363136326431
33623035326435323166326639383564363564373866633532636136613939386263633235656330
35616562663965663638303864346234313538346165393962366238346363373332333939643062
34613736633531626265303333373765303630323736313035626534336537343439363837653537
31613435616538633365386265616666363138623239653733346630666334313065363434633633
39306266353862386664393637613137393034343333623163396263643963383736313031393862
65396664303730613963636564353339626366323465313835636465653935366539636639323361
37323332613864653566313339353662363931383263356364316335383133616366656531376434
35393336383666333535333830313966383564616162633039393662386233663830623466643732
64346237656338373033626137343734663463356531376561303935653039383061626533356138
36636638633839353034396133373362636463303261323333306161393166343630313333383765
32613066353333393065646337303830306337353830396431356161323865623164303663656661
32626432663834613835663737316239636639346331623638656132376332323538396130333836
62623137616134616665333036353061653062366165396431633833333162386536626661646635
61393033306365346135643061353166633032313033383633616236396661343561363235383965
38636634393333326535343364643164323236343835323333396231326664386531393265386662
63383462373262333637343334636333343266336465376365623239633133313538336238303535
33383234663536633761323037653264386234333032663137633035353831326238633036643161
31646335393935353834366335323365653164393532623636393632396339323236366230616136
36363966383032333765373363333366613338303936303234653537636335666634313631356235
62623362656662383066393833303634666439303935653335643563663130636561353132666133
65333062643363363963363062313532383835643962636134383932363939346133346235313338
35643236646433313631646462396533363365353164653432346432653564323866333636366561
38643162623330336535653738323235303530633332336161303665396666373935663336346433
65613232373864353636386333376661373262626532393062356432646235636338336334303031
30303833333533316139373765303434626530306366346266323137383636623431356462656336
65316566353437636166316633666439613036386364616130383931353266333761353561653432
39323330623539653161376339656161636535386131646263333061356361363165343138393239
31353266353630356664366539396662336136363161633436393065353231396261343639313435
36613634656165373438643733323061333262396631653064366636343239373863636463643039
63633537633036383833383561653936623663323564363239346662353534326161353934323733
38313839353338333631316364366365383663616239313938646233623031663463613033356532
39366434353762396334303263663864633435636138366335306438373638353739343864663538
37376232653562363363323935343037356232393461336136613537663833643535633334303132
36366162326363636531346532373565323966323663306230616563333762313366653762313330
34613632653536633838313538353164343431393961313837623566613337353038333364623562
34613966396536333635636139376232656566376531323332343763333065306332363632383639
38303235656563316339383132373831656333363834663665633361316163393137343535396636
39383661613962363838616332643239656366643036636265306233623361313665623231386461
36326635356437353735613339303866663932353332363033616431623439656431336630326463
32333737333737633662633466643236646163343863393466343362376163633032643162323861
39656262653237306330626165616435326164386337396563383266616537636163653439343766
61313461386430363762306236356339366263323031363132333264323734383064306635326262
31353235636437353838346230313865306263626561643437313835353636393465386534353131
39323532333435666463616531323738623862663863646463663561326463313335323935663263
61663363633239366135653463326264613736666261353338313031396361336166613066613465
30643064346132376130303937316135346531663566646331323636353164323734346264316265
38383761366566386162343533346361643965646139643362336136646662323861366265333637
39646338353936646234633139323364616532646137626362313730613838356536633164376431
35336137346263653437663166666430303561376365626262363266636465353633613934383866
65636162643364343765376530623064666563666562636366303364613132356334613432653233
35313934333564626337663861366532663166303235316437306636303231363661616635616165
30346334356339386637343936306463663138623536373839643066356636303462373133623336
37333137643837376563613838613730663231646266663432356339653637663935313732616332
63653630326262643931313037393163303435623766656634396461666431626534646435386630
61613933383639303939343062376266316639303439373739643539366234356362373238383263
33633630333731336161323933633564636235353937376134663839646530343439623863643933
30666435303739383136633238396330633565626136626661316661396366386439316238393738
34336231663635646134363166383562333235643038326539393464656234346464316664376236
32363932343735643634663966393862643762376631633865376333313238653731656261633635
37633739636661363961306437336335333937626366646439616662646437393330313163383131
33653666343736623931363130356565346566346130643633356131316265653835313930323238
39303130633939643432613166323765623932643339633566363035623864383530323630306530
62313964653437303166373539623937613137626564666364663364393564636132303034376238
35663339393963333139626437346430333339646262313266653639663330626338613230626161
65653263666266616234333335333433633366356462336163393139393336633330353336616337
66383362626536303335613630303563613566323965343763646637616132643065316461343039
65623439323763343666646539643832343133393866373663663635633430653031643961663462
38326230306661303965323262393531323363663333353930643865383565346136643566343136
61343464316433336164373531386639623432376435663331656137646135336461396632313434
33323131393830653937376536636536306561316664376337376237656166333334633631343339
38343361353736303230646230333036303837663862653036323630666234646662633864343265
62383465313261646164366333643838373930616532616262326265333235646563663362653339
33343436343235623331366563333061613838633039616430323731353363343131383931336638
39313936343663613231363732323133643037313934653132306132303339666433613231303431
65393362353066393166623466613164643164323337316265363864316462373934336234643034
31663036643663626465353438633064386435353937396362326161646363386535343662303134
33343632356162396235363432306632666362333139353335353431353664623633383337663636
63386538643238386434313032646335643265353566386161363861333264346135643939373362
30376561353061396238343933383961363530616233663461346436306465323335626261326665
30303863373265393132316435623231346563383665326665303161363431353361656538623830
32663836333433343931616163306236393130356266376363333833383839653764396535653163
65303465303864383936356136323633326335336564383264316232353763326164643633396566
38623939373030633961303238333461643538336236633264306466313963636263663631653165
64396335383432303465633364396162346437393136346564323831393836643832333264366231
65383235303931633130366537383633363766316166386231333634623132373135663132386336
39636164653431613239303937336138373733663661336564656435356435336566373362323562
38636262613038666332366139343664323266623533316531313065613837653035376335313066
39376133333661373363653237343338363935626462373530383165333338303936376234396138
32666164306533393765343038353138303463656339323966376432383166643063663736323064
36316431623437313934643762623939343432613136323663643166646232386138636236656634
61626561373437393538303536323065643136306430336337646565303733306162656335633465
63623832396538366335633866613635616166643262383538336664313435306536323366333136
33313962376164636439616639616264663465353231636136613731626665633736386536386365
34353265316634363935363061323538643061333835666630383966313166356563366532323032
33316162376364633933616365326264353931313234376431663230623431376334306461303730
32613935376630323835353866303033653965626237303738623436306230396131303964366662
35363561636265636632376431353731653264376235666338356130656362386564666631386661
32616133386162393238366331373732366533613565616530303666643235373630373534386635
66333734666264613231396633643831643564343031306266333137656439643835
